1. 103. 140. 162.
2. 5. 4. 13.
3. 176. 192. 199.
4. 37. 57. 68.
5. 41. 38. 30.
6. 18. 34. 46.
7. 30. 104. 100.
8. 29. 120. 117.
9. 200. 243. 255.
10. 185. 197. 207.
11. 140. 146. 153.
12. 160. 169. 182.
13. 112. 114. 114.
14. 151. 157. 164.
15. 68. 140. 148.
16. 0. 89. 79.
17. 200. 211. 219.
18. 168. 177. 186.
19. 102. 192. 187.
20. 74. 118. 149.
21. 26. 50. 70.
22. 100. 200. 194.
23. 41. 141. 136.
24. 69. 90. 111.
25. 12. 42. 37.
26. 28. 22. 11.
27. 58. 109. 102.
28. 77. 163. 183.
29. 91. 169. 175.
30. 130. 175. 202.
31. 92. 129. 119.
32. 122. 196. 198.
33. 248. 254. 255.
34. 95. 101. 100.
35. 64. 173. 164.
36. 166. 169. 177.
37. 141. 213. 230.
38. 29. 30. 26.
39. 13. 26. 28.
40. 52. 116. 117.
41. 64. 127. 135.
42. 0. 18. 38.
43. 86. 142. 183.
44. 46. 76. 93.
45. 56. 64. 53.
46. 45. 66. 81.
47. 84. 161. 163.
48. 127. 133. 138.
49. 168. 220. 255.
50. 116. 182. 217.
51. 80. 124. 153.
52. 158. 167. 176.
53. 216. 222. 233.
54. 63. 103. 128.
55. 42. 106. 100.
56. 225. 235. 245.
57. 63. 96. 115.
58. 7. 18. 16.
59. 131. 143. 149.
60. 28. 91. 99.
61. 68. 155. 157.
62. 45. 105. 105.
63. 58. 41. 32.
64. 31. 26. 25.
65. 21. 78. 77.
66. 149. 155. 162.
67. 14. 85. 88.
68. 67. 100. 116.
69. 39. 109. 133.
70. 69. 100. 125.
71. 129. 223. 222.
72. 52. 106. 131.
73. 158. 161. 169.
74. 50. 130. 125.
75. 79. 109. 136.
76. 150. 153. 151.
77. 55. 147. 136.
78. 44. 64. 75.
79. 53. 86. 106.
80. 16. 61. 64.
81. 99. 192. 193.
82. 177. 180. 188.
83. 151. 196. 217.
84. 18. 99. 96.
85. 93. 124. 147.
86. 190. 202. 204.
87. 96. 130. 143.
88. 42. 156. 149.
89. 107. 160. 193.
90. 170. 173. 181.
91. 4. 12. 11.
92. 82. 84. 84.
93. 126. 234. 238.
94. 89. 162. 190.
95. 223. 228. 237.
96. 37. 81. 82.
97. 34. 44. 51.
98. 9. 46. 60.
99. 84. 162. 169.
100. 74. 139. 178.